0.0000	0.0000
0.0010	0.0038
0.0020	0.0073
0.0030	0.0107
0.0040	0.0140
0.0050	0.0172
0.0060	0.0203
0.0070	0.0234
0.0080	0.0264
0.0090	0.0293
0.0100	0.0322
0.0110	0.0350
0.0120	0.0378
0.0130	0.0406
0.0140	0.0433
0.0150	0.0460
0.0160	0.0487
0.0170	0.0514
0.0180	0.0541
0.0190	0.0568
0.0200	0.0595
0.0210	0.0622
0.0220	0.0649
0.0230	0.0676
0.0240	0.0704
0.0250	0.0732
0.0260	0.0760
0.0270	0.0788
0.0280	0.0817
0.0290	0.0847
0.0300	0.0877
0.0310	0.0907
0.0320	0.0939
0.0330	0.0971
0.0340	0.1004
0.0350	0.1037
0.0360	0.1072
0.0370	0.1107
0.0380	0.1144
0.0390	0.1181
0.0400	0.1220
0.0410	0.1261
0.0420	0.1302
0.0430	0.1346
0.0440	0.1391
0.0450	0.1438
0.0460	0.1488
0.0470	0.1540
0.0480	0.1595
0.0490	0.1655
0.0500	0.1722
0.0510	0.1798
0.0520	0.1899
0.0530	0.1909
0.0540	0.1883
0.0550	0.1873
0.0560	0.1868
0.0570	0.1868
0.0580	0.1871
0.0590	0.1875
0.0600	0.1881
0.0610	0.1888
0.0620	0.1896
0.0630	0.1906
0.0640	0.1916
0.0650	0.1927
0.0660	0.1939
0.0670	0.1952
0.0680	0.1966
0.0690	0.1981
0.0700	0.1996
0.0710	0.2013
0.0720	0.2030
0.0730	0.2049
0.0740	0.2068
0.0750	0.2089
0.0760	0.2111
0.0770	0.2134
0.0780	0.2158
0.0790	0.2183
0.0800	0.2209
0.0810	0.2237
0.0820	0.2266
0.0830	0.2297
0.0840	0.2329
0.0850	0.2363
0.0860	0.2398
0.0870	0.2435
0.0880	0.2473
0.0890	0.2514
0.0900	0.2556
0.0910	0.2600
0.0920	0.2647
0.0930	0.2696
0.0940	0.2747
0.0950	0.2801
0.0960	0.2858
0.0970	0.2918
0.0980	0.2982
0.0990	0.3051
0.1000	0.3124
0.1010	0.3205
0.1020	0.3295
0.1030	0.3399
0.1040	0.3534
0.1050	0.3637
0.1060	0.3528
0.1070	0.3469
0.1080	0.3427
0.1090	0.3395
0.1100	0.3370
0.1110	0.3349
0.1120	0.3331
0.1130	0.3317
0.1140	0.3306
0.1150	0.3297
0.1160	0.3290
0.1170	0.3286
0.1180	0.3283
0.1190	0.3282
0.1200	0.3283
0.1210	0.3286
0.1220	0.3291
0.1230	0.3297
0.1240	0.3306
0.1250	0.3316
0.1260	0.3328
0.1270	0.3341
0.1280	0.3357
0.1290	0.3374
0.1300	0.3394
0.1310	0.3415
0.1320	0.3439
0.1330	0.3464
0.1340	0.3491
0.1350	0.3521
0.1360	0.3553
0.1370	0.3587
0.1380	0.3623
0.1390	0.3662
0.1400	0.3703
0.1410	0.3747
0.1420	0.3793
0.1430	0.3842
0.1440	0.3894
0.1450	0.3950
0.1460	0.4008
0.1470	0.4070
0.1480	0.4136
0.1490	0.4206
0.1500	0.4281
0.1510	0.4362
0.1520	0.4450
0.1530	0.4546
0.1540	0.4653
0.1550	0.4777
0.1560	0.4932
0.1570	0.5203
0.1580	0.5009
0.1590	0.4895
0.1600	0.4815
0.1610	0.4751
0.1620	0.4698
0.1630	0.4653
0.1640	0.4613
0.1650	0.4579
0.1660	0.4549
0.1670	0.4523
0.1680	0.4500
0.1690	0.4480
0.1700	0.4464
0.1710	0.4450
0.1720	0.4439
0.1730	0.4430
0.1740	0.4424
0.1750	0.4421
0.1760	0.4420
0.1770	0.4422
0.1780	0.4426
0.1790	0.4433
0.1800	0.4442
0.1810	0.4454
0.1820	0.4468
0.1830	0.4485
0.1840	0.4505
0.1850	0.4527
0.1860	0.4552
0.1870	0.4580
0.1880	0.4611
0.1890	0.4644
0.1900	0.4680
0.1910	0.4720
0.1920	0.4762
0.1930	0.4808
0.1940	0.4856
0.1950	0.4909
0.1960	0.4965
0.1970	0.5024
0.1980	0.5088
0.1990	0.5156
0.2000	0.5228
0.2010	0.5306
0.2020	0.5389
0.2030	0.5478
0.2040	0.5576
0.2050	0.5683
0.2060	0.5802
0.2070	0.5939
0.2080	0.6106
0.2090	0.6344
0.2100	0.6332
0.2110	0.6150
0.2120	0.6029
0.2130	0.5933
0.2140	0.5854
0.2150	0.5785
0.2160	0.5725
0.2170	0.5672
0.2180	0.5624
0.2190	0.5582
0.2200	0.5544
0.2210	0.5510
0.2220	0.5480
0.2230	0.5454
0.2240	0.5431
0.2250	0.5412
0.2260	0.5396
0.2270	0.5383
0.2280	0.5373
0.2290	0.5367
0.2300	0.5364
0.2310	0.5363
0.2320	0.5366
0.2330	0.5372
0.2340	0.5382
0.2350	0.5394
0.2360	0.5409
0.2370	0.5428
0.2380	0.5450
0.2390	0.5475
0.2400	0.5504
0.2410	0.5535
0.2420	0.5571
0.2430	0.5609
0.2440	0.5652
0.2450	0.5698
0.2460	0.5748
0.2470	0.5801
0.2480	0.5859
0.2490	0.5921
0.2500	0.5988
0.2510	0.6059
0.2520	0.6136
0.2530	0.6218
0.2540	0.6307
0.2550	0.6402
0.2560	0.6506
0.2570	0.6620
0.2580	0.6747
0.2590	0.6892
0.2600	0.7064
0.2610	0.7293
0.2620	0.7522
0.2630	0.7233
0.2640	0.7067
0.2650	0.6940
0.2660	0.6835
0.2670	0.6744
0.2680	0.6664
0.2690	0.6593
0.2700	0.6529
0.2710	0.6472
0.2720	0.6420
0.2730	0.6373
0.2740	0.6331
0.2750	0.6293
0.2760	0.6259
0.2770	0.6230
0.2780	0.6204
0.2790	0.6183
0.2800	0.6165
0.2810	0.6150
0.2820	0.6140
0.2830	0.6133
0.2840	0.6129
0.2850	0.6130
0.2860	0.6133
0.2870	0.6141
0.2880	0.6152
0.2890	0.6166
0.2900	0.6185
0.2910	0.6207
0.2920	0.6232
0.2930	0.6262
0.2940	0.6295
0.2950	0.6332
0.2960	0.6373
0.2970	0.6419
0.2980	0.6468
0.2990	0.6522
0.3000	0.6580
0.3010	0.6643
0.3020	0.6711
0.3030	0.6784
0.3040	0.6862
0.3050	0.6947
0.3060	0.7038
0.3070	0.7137
0.3080	0.7244
0.3090	0.7362
0.3100	0.7493
0.3110	0.7641
0.3120	0.7815
0.3130	0.8034
0.3140	0.8406
0.3150	0.8146
0.3160	0.7928
0.3170	0.7769
0.3180	0.7639
0.3190	0.7527
0.3200	0.7429
0.3210	0.7342
0.3220	0.7263
0.3230	0.7191
0.3240	0.7127
0.3250	0.7068
0.3260	0.7015
0.3270	0.6966
0.3280	0.6923
0.3290	0.6884
0.3300	0.6850
0.3310	0.6820
0.3320	0.6794
0.3330	0.6772
0.3340	0.6754
0.3350	0.6741
0.3360	0.6731
0.3370	0.6725
0.3380	0.6724
0.3390	0.6726
0.3400	0.6732
0.3410	0.6742
0.3420	0.6757
0.3430	0.6775
0.3440	0.6797
0.3450	0.6824
0.3460	0.6854
0.3470	0.6889
0.3480	0.6928
0.3490	0.6971
0.3500	0.7019
0.3510	0.7072
0.3520	0.7129
0.3530	0.7191
0.3540	0.7258
0.3550	0.7331
0.3560	0.7409
0.3570	0.7494
0.3580	0.7586
0.3590	0.7685
0.3600	0.7793
0.3610	0.7912
0.3620	0.8043
0.3630	0.8191
0.3640	0.8362
0.3650	0.8572
0.3660	0.8872
0.3670	0.8898
0.3680	0.8610
0.3690	0.8417
0.3700	0.8263
0.3710	0.8132
0.3720	0.8017
0.3730	0.7915
0.3740	0.7823
0.3750	0.7739
0.3760	0.7663
0.3770	0.7593
0.3780	0.7530
0.3790	0.7472
0.3800	0.7420
0.3810	0.7373
0.3820	0.7330
0.3830	0.7293
0.3840	0.7259
0.3850	0.7231
0.3860	0.7207
0.3870	0.7187
0.3880	0.7171
0.3890	0.7160
0.3900	0.7153
0.3910	0.7150
0.3920	0.7151
0.3930	0.7157
0.3940	0.7167
0.3950	0.7181
0.3960	0.7199
0.3970	0.7222
0.3980	0.7249
0.3990	0.7280
0.4000	0.7316
0.4010	0.7357
0.4020	0.7402
0.4030	0.7452
0.4040	0.7506
0.4050	0.7566
0.4060	0.7632
0.4070	0.7702
0.4080	0.7779
0.4090	0.7862
0.4100	0.7952
0.4110	0.8050
0.4120	0.8156
0.4130	0.8272
0.4140	0.8401
0.4150	0.8545
0.4160	0.8711
0.4170	0.8909
0.4180	0.9172
0.4190	0.9530
0.4200	0.9112
0.4210	0.8882
0.4220	0.8704
0.4230	0.8555
0.4240	0.8426
0.4250	0.8311
0.4260	0.8207
0.4270	0.8113
0.4280	0.8027
0.4290	0.7948
0.4300	0.7876
0.4310	0.7810
0.4320	0.7750
0.4330	0.7695
0.4340	0.7645
0.4350	0.7601
0.4360	0.7561
0.4370	0.7526
0.4380	0.7496
0.4390	0.7470
0.4400	0.7449
0.4410	0.7432
0.4420	0.7420
0.4430	0.7412
0.4440	0.7408
0.4450	0.7409
0.4460	0.7414
0.4470	0.7424
0.4480	0.7438
0.4490	0.7457
0.4500	0.7480
0.4510	0.7507
0.4520	0.7539
0.4530	0.7576
0.4540	0.7617
0.4550	0.7663
0.4560	0.7715
0.4570	0.7771
0.4580	0.7833
0.4590	0.7900
0.4600	0.7973
0.4610	0.8053
0.4620	0.8139
0.4630	0.8233
0.4640	0.8335
0.4650	0.8447
0.4660	0.8570
0.4670	0.8708
0.4680	0.8865
0.4690	0.9050
0.4700	0.9285
0.4710	0.9668
0.4720	0.9436
0.4730	0.9161
0.4740	0.8960
0.4750	0.8795
0.4760	0.8653
0.4770	0.8527
0.4780	0.8413
0.4790	0.8310
0.4800	0.8216
0.4810	0.8130
0.4820	0.8050
0.4830	0.7977
0.4840	0.7911
0.4850	0.7850
0.4860	0.7794
0.4870	0.7744
0.4880	0.7698
0.4890	0.7658
0.4900	0.7622
0.4910	0.7591
0.4920	0.7564
0.4930	0.7543
0.4940	0.7525
0.4950	0.7512
0.4960	0.7504
0.4970	0.7500
0.4980	0.7501
0.4990	0.7506
0.5000	0.7515
0.5010	0.7529
0.5020	0.7547
0.5030	0.7570
0.5040	0.7598
0.5050	0.7630
0.5060	0.7667
0.5070	0.7708
0.5080	0.7755
0.5090	0.7806
0.5100	0.7863
0.5110	0.7926
0.5120	0.7994
0.5130	0.8068
0.5140	0.8149
0.5150	0.8237
0.5160	0.8333
0.5170	0.8438
0.5180	0.8554
0.5190	0.8683
0.5200	0.8829
0.5210	0.8999
0.5220	0.9208
0.5230	0.9506
0.5240	0.9590
0.5250	0.9252
0.5260	0.9028
0.5270	0.8849
0.5280	0.8695
0.5290	0.8560
0.5300	0.8439
0.5310	0.8329
0.5320	0.8229
0.5330	0.8136
0.5340	0.8052
0.5350	0.7973
0.5360	0.7901
0.5370	0.7835
0.5380	0.7775
0.5390	0.7719
0.5400	0.7669
0.5410	0.7624
0.5420	0.7584
0.5430	0.7548
0.5440	0.7517
0.5450	0.7490
0.5460	0.7468
0.5470	0.7451
0.5480	0.7438
0.5490	0.7429
0.5500	0.7425
0.5510	0.7425
0.5520	0.7430
0.5530	0.7439
0.5540	0.7452
0.5550	0.7470
0.5560	0.7492
0.5570	0.7519
0.5580	0.7551
0.5590	0.7587
0.5600	0.7628
0.5610	0.7674
0.5620	0.7724
0.5630	0.7781
0.5640	0.7842
0.5650	0.7910
0.5660	0.7983
0.5670	0.8064
0.5680	0.8152
0.5690	0.8248
0.5700	0.8354
0.5710	0.8472
0.5720	0.8605
0.5730	0.8759
0.5740	0.8944
0.5750	0.9189
0.5760	0.9647
0.5770	0.9153
0.5780	0.8904
0.5790	0.8712
0.5800	0.8550
0.5810	0.8409
0.5820	0.8282
0.5830	0.8168
0.5840	0.8063
0.5850	0.7967
0.5860	0.7878
0.5870	0.7796
0.5880	0.7720
0.5890	0.7651
0.5900	0.7586
0.5910	0.7527
0.5920	0.7473
0.5930	0.7424
0.5940	0.7380
0.5950	0.7341
0.5960	0.7306
0.5970	0.7275
0.5980	0.7249
0.5990	0.7227
0.6000	0.7210
0.6010	0.7197
0.6020	0.7188
0.6030	0.7183
0.6040	0.7183
0.6050	0.7187
0.6060	0.7195
0.6070	0.7207
0.6080	0.7224
0.6090	0.7245
0.6100	0.7271
0.6110	0.7301
0.6120	0.7335
0.6130	0.7374
0.6140	0.7418
0.6150	0.7466
0.6160	0.7520
0.6170	0.7580
0.6180	0.7645
0.6190	0.7716
0.6200	0.7794
0.6210	0.7880
0.6220	0.7974
0.6230	0.8079
0.6240	0.8197
0.6250	0.8333
0.6260	0.8493
0.6270	0.8697
0.6280	0.9022
0.6290	0.8863
0.6300	0.8584
0.6310	0.8382
0.6320	0.8214
0.6330	0.8069
0.6340	0.7940
0.6350	0.7823
0.6360	0.7716
0.6370	0.7618
0.6380	0.7527
0.6390	0.7443
0.6400	0.7366
0.6410	0.7294
0.6420	0.7227
0.6430	0.7166
0.6440	0.7110
0.6450	0.7058
0.6460	0.7011
0.6470	0.6968
0.6480	0.6930
0.6490	0.6896
0.6500	0.6867
0.6510	0.6841
0.6520	0.6820
0.6530	0.6802
0.6540	0.6789
0.6550	0.6780
0.6560	0.6775
0.6570	0.6773
0.6580	0.6776
0.6590	0.6783
0.6600	0.6793
0.6610	0.6808
0.6620	0.6827
0.6630	0.6850
0.6640	0.6877
0.6650	0.6909
0.6660	0.6944
0.6670	0.6985
0.6680	0.7030
0.6690	0.7079
0.6700	0.7135
0.6710	0.7195
0.6720	0.7262
0.6730	0.7335
0.6740	0.7417
0.6750	0.7507
0.6760	0.7608
0.6770	0.7724
0.6780	0.7859
0.6790	0.8027
0.6800	0.8265
0.6810	0.8388
0.6820	0.8065
0.6830	0.7854
0.6840	0.7684
0.6850	0.7538
0.6860	0.7409
0.6870	0.7293
0.6880	0.7186
0.6890	0.7088
0.6900	0.6998
0.6910	0.6914
0.6920	0.6836
0.6930	0.6764
0.6940	0.6697
0.6950	0.6634
0.6960	0.6577
0.6970	0.6523
0.6980	0.6475
0.6990	0.6430
0.7000	0.6390
0.7010	0.6353
0.7020	0.6320
0.7030	0.6292
0.7040	0.6267
0.7050	0.6246
0.7060	0.6228
0.7070	0.6215
0.7080	0.6205
0.7090	0.6198
0.7100	0.6195
0.7110	0.6196
0.7120	0.6201
0.7130	0.6209
0.7140	0.6221
0.7150	0.6236
0.7160	0.6255
0.7170	0.6278
0.7180	0.6305
0.7190	0.6336
0.7200	0.6371
0.7210	0.6411
0.7220	0.6455
0.7230	0.6503
0.7240	0.6557
0.7250	0.6617
0.7260	0.6683
0.7270	0.6757
0.7280	0.6840
0.7290	0.6935
0.7300	0.7045
0.7310	0.7179
0.7320	0.7358
0.7330	0.7735
0.7340	0.7341
0.7350	0.7124
0.7360	0.6955
0.7370	0.6813
0.7380	0.6687
0.7390	0.6574
0.7400	0.6471
0.7410	0.6375
0.7420	0.6287
0.7430	0.6206
0.7440	0.6129
0.7450	0.6058
0.7460	0.5992
0.7470	0.5930
0.7480	0.5873
0.7490	0.5820
0.7500	0.5770
0.7510	0.5725
0.7520	0.5683
0.7530	0.5645
0.7540	0.5610
0.7550	0.5579
0.7560	0.5551
0.7570	0.5527
0.7580	0.5506
0.7590	0.5488
0.7600	0.5473
0.7610	0.5462
0.7620	0.5453
0.7630	0.5448
0.7640	0.5446
0.7650	0.5448
0.7660	0.5452
0.7670	0.5460
0.7680	0.5471
0.7690	0.5485
0.7700	0.5502
0.7710	0.5523
0.7720	0.5547
0.7730	0.5575
0.7740	0.5607
0.7750	0.5642
0.7760	0.5682
0.7770	0.5727
0.7780	0.5777
0.7790	0.5833
0.7800	0.5896
0.7810	0.5968
0.7820	0.6052
0.7830	0.6153
0.7840	0.6284
0.7850	0.6490
0.7860	0.6409
0.7870	0.6186
0.7880	0.6024
0.7890	0.5888
0.7900	0.5770
0.7910	0.5663
0.7920	0.5566
0.7930	0.5477
0.7940	0.5394
0.7950	0.5316
0.7960	0.5244
0.7970	0.5176
0.7980	0.5113
0.7990	0.5053
0.8000	0.4998
0.8010	0.4946
0.8020	0.4897
0.8030	0.4852
0.8040	0.4810
0.8050	0.4771
0.8060	0.4735
0.8070	0.4702
0.8080	0.4672
0.8090	0.4645
0.8100	0.4620
0.8110	0.4599
0.8120	0.4580
0.8130	0.4564
0.8140	0.4550
0.8150	0.4539
0.8160	0.4531
0.8170	0.4525
0.8180	0.4522
0.8190	0.4521
0.8200	0.4523
0.8210	0.4528
0.8220	0.4535
0.8230	0.4545
0.8240	0.4558
0.8250	0.4573
0.8260	0.4592
0.8270	0.4613
0.8280	0.4638
0.8290	0.4666
0.8300	0.4699
0.8310	0.4736
0.8320	0.4778
0.8330	0.4826
0.8340	0.4883
0.8350	0.4952
0.8360	0.5039
0.8370	0.5166
0.8380	0.5267
0.8390	0.5035
0.8400	0.4884
0.8410	0.4761
0.8420	0.4654
0.8430	0.4558
0.8440	0.4470
0.8450	0.4389
0.8460	0.4314
0.8470	0.4243
0.8480	0.4177
0.8490	0.4115
0.8500	0.4056
0.8510	0.4001
0.8520	0.3949
0.8530	0.3900
0.8540	0.3853
0.8550	0.3810
0.8560	0.3769
0.8570	0.3730
0.8580	0.3694
0.8590	0.3660
0.8600	0.3629
0.8610	0.3600
0.8620	0.3573
0.8630	0.3548
0.8640	0.3525
0.8650	0.3504
0.8660	0.3486
0.8670	0.3469
0.8680	0.3454
0.8690	0.3442
0.8700	0.3431
0.8710	0.3422
0.8720	0.3414
0.8730	0.3409
0.8740	0.3406
0.8750	0.3404
0.8760	0.3405
0.8770	0.3407
0.8780	0.3411
0.8790	0.3418
0.8800	0.3426
0.8810	0.3437
0.8820	0.3451
0.8830	0.3468
0.8840	0.3487
0.8850	0.3511
0.8860	0.3541
0.8870	0.3577
0.8880	0.3624
0.8890	0.3692
0.8900	0.3834
0.8910	0.3661
0.8920	0.3530
0.8930	0.3426
0.8940	0.3335
0.8950	0.3254
0.8960	0.3180
0.8970	0.3110
0.8980	0.3046
0.8990	0.2985
0.9000	0.2927
0.9010	0.2873
0.9020	0.2821
0.9030	0.2772
0.9040	0.2725
0.9050	0.2680
0.9060	0.2638
0.9070	0.2597
0.9080	0.2558
0.9090	0.2522
0.9100	0.2486
0.9110	0.2453
0.9120	0.2421
0.9130	0.2391
0.9140	0.2362
0.9150	0.2334
0.9160	0.2308
0.9170	0.2284
0.9180	0.2260
0.9190	0.2238
0.9200	0.2217
0.9210	0.2197
0.9220	0.2179
0.9230	0.2161
0.9240	0.2145
0.9250	0.2129
0.9260	0.2115
0.9270	0.2101
0.9280	0.2089
0.9290	0.2077
0.9300	0.2067
0.9310	0.2057
0.9320	0.2049
0.9330	0.2042
0.9340	0.2036
0.9350	0.2031
0.9360	0.2027
0.9370	0.2026
0.9380	0.2027
0.9390	0.2030
0.9400	0.2039
0.9410	0.2056
0.9420	0.2093
0.9430	0.2055
0.9440	0.1955
0.9450	0.1877
0.9460	0.1809
0.9470	0.1748
0.9480	0.1691
0.9490	0.1637
0.9500	0.1586
0.9510	0.1538
0.9520	0.1492
0.9530	0.1448
0.9540	0.1405
0.9550	0.1364
0.9560	0.1324
0.9570	0.1286
0.9580	0.1249
0.9590	0.1213
0.9600	0.1178
0.9610	0.1144
0.9620	0.1111
0.9630	0.1079
0.9640	0.1048
0.9650	0.1017
0.9660	0.0987
0.9670	0.0958
0.9680	0.0929
0.9690	0.0901
0.9700	0.0873
0.9710	0.0846
0.9720	0.0819
0.9730	0.0793
0.9740	0.0766
0.9750	0.0740
0.9760	0.0714
0.9770	0.0688
0.9780	0.0663
0.9790	0.0637
0.9800	0.0611
0.9810	0.0585
0.9820	0.0560
0.9830	0.0534
0.9840	0.0507
0.9850	0.0481
0.9860	0.0454
0.9870	0.0427
0.9880	0.0399
0.9890	0.0371
0.9900	0.0343
0.9910	0.0314
0.9920	0.0285
0.9930	0.0255
0.9940	0.0225
0.9950	0.0194
0.9960	0.0149
0.9970	0.0109
0.9980	0.0071
0.9990	0.0035
1.0000	0.0000
