0.0000	-0.7071
0.0010	-0.7064
0.0020	-0.7057
0.0030	-0.7050
0.0040	-0.7043
0.0050	-0.7036
0.0060	-0.7029
0.0070	-0.7021
0.0080	-0.7014
0.0090	-0.7007
0.0100	-0.7000
0.0110	-0.6993
0.0120	-0.6986
0.0130	-0.6979
0.0140	-0.6971
0.0150	-0.6964
0.0160	-0.6957
0.0170	-0.6950
0.0180	-0.6943
0.0190	-0.6935
0.0200	-0.6928
0.0210	-0.6921
0.0220	-0.6914
0.0230	-0.6907
0.0240	-0.6899
0.0250	-0.6892
0.0260	-0.6885
0.0270	-0.6877
0.0280	-0.6870
0.0290	-0.6863
0.0300	-0.6856
0.0310	-0.6848
0.0320	-0.6841
0.0330	-0.6834
0.0340	-0.6826
0.0350	-0.6819
0.0360	-0.6812
0.0370	-0.6804
0.0380	-0.6797
0.0390	-0.6790
0.0400	-0.6782
0.0410	-0.6775
0.0420	-0.6768
0.0430	-0.6760
0.0440	-0.6753
0.0450	-0.6745
0.0460	-0.6738
0.0470	-0.6731
0.0480	-0.6723
0.0490	-0.6716
0.0500	-0.6708
0.0510	-0.6701
0.0520	-0.6693
0.0530	-0.6686
0.0540	-0.6678
0.0550	-0.6671
0.0560	-0.6663
0.0570	-0.6656
0.0580	-0.6648
0.0590	-0.6641
0.0600	-0.6633
0.0610	-0.6626
0.0620	-0.6618
0.0630	-0.6611
0.0640	-0.6603
0.0650	-0.6595
0.0660	-0.6588
0.0670	-0.6580
0.0680	-0.6573
0.0690	-0.6565
0.0700	-0.6557
0.0710	-0.6550
0.0720	-0.6542
0.0730	-0.6535
0.0740	-0.6527
0.0750	-0.6519
0.0760	-0.6512
0.0770	-0.6504
0.0780	-0.6496
0.0790	-0.6488
0.0800	-0.6481
0.0810	-0.6473
0.0820	-0.6465
0.0830	-0.6458
0.0840	-0.6450
0.0850	-0.6442
0.0860	-0.6434
0.0870	-0.6427
0.0880	-0.6419
0.0890	-0.6411
0.0900	-0.6403
0.0910	-0.6395
0.0920	-0.6387
0.0930	-0.6380
0.0940	-0.6372
0.0950	-0.6364
0.0960	-0.6356
0.0970	-0.6348
0.0980	-0.6340
0.0990	-0.6332
0.1000	-0.6325
0.1010	-0.6317
0.1020	-0.6309
0.1030	-0.6301
0.1040	-0.6293
0.1050	-0.6285
0.1060	-0.6277
0.1070	-0.6269
0.1080	-0.6261
0.1090	-0.6253
0.1100	-0.6245
0.1110	-0.6237
0.1120	-0.6229
0.1130	-0.6221
0.1140	-0.6213
0.1150	-0.6205
0.1160	-0.6197
0.1170	-0.6189
0.1180	-0.6181
0.1190	-0.6173
0.1200	-0.6164
0.1210	-0.6156
0.1220	-0.6148
0.1230	-0.6140
0.1240	-0.6132
0.1250	-0.6124
0.1260	-0.6116
0.1270	-0.6107
0.1280	-0.6099
0.1290	-0.6091
0.1300	-0.6083
0.1310	-0.6075
0.1320	-0.6066
0.1330	-0.6058
0.1340	-0.6050
0.1350	-0.6042
0.1360	-0.6033
0.1370	-0.6025
0.1380	-0.6017
0.1390	-0.6008
0.1400	-0.6000
0.1410	-0.5992
0.1420	-0.5983
0.1430	-0.5975
0.1440	-0.5967
0.1450	-0.5958
0.1460	-0.5950
0.1470	-0.1246
0.1480	-0.1239
0.1490	-0.1232
0.1500	-0.1225
0.1510	-0.1218
0.1520	-0.1211
0.1530	-0.1204
0.1540	-0.1197
0.1550	-0.1190
0.1560	-0.1183
0.1570	-0.1176
0.1580	-0.1170
0.1590	-0.1163
0.1600	-0.1156
0.1610	-0.1149
0.1620	-0.1142
0.1630	-0.1136
0.1640	-0.1129
0.1650	-0.1122
0.1660	-0.1116
0.1670	-0.1109
0.1680	-0.1102
0.1690	-0.1096
0.1700	-0.1089
0.1710	-0.1082
0.1720	-0.1076
0.1730	-0.1069
0.1740	-0.1063
0.1750	-0.1056
0.1760	-0.1050
0.1770	-0.1043
0.1780	-0.1037
0.1790	-0.1030
0.1800	-0.1024
0.1810	-0.1018
0.1820	-0.1011
0.1830	-0.1005
0.1840	-0.0999
0.1850	-0.0992
0.1860	-0.0986
0.1870	-0.0980
0.1880	-0.0973
0.1890	-0.0967
0.1900	-0.0961
0.1910	-0.0955
0.1920	-0.0949
0.1930	-0.0942
0.1940	-0.0936
0.1950	-0.0930
0.1960	-0.0924
0.1970	-0.0918
0.1980	-0.0912
0.1990	-0.0906
0.2000	-0.0900
0.2010	-0.0894
0.2020	-0.0888
0.2030	-0.0882
0.2040	-0.0876
0.2050	-0.0870
0.2060	-0.0864
0.2070	-0.0858
0.2080	-0.0853
0.2090	-0.0847
0.2100	-0.0841
0.2110	-0.0835
0.2120	-0.0829
0.2130	-0.0824
0.2140	-0.0818
0.2150	-0.0812
0.2160	-0.0807
0.2170	-0.0801
0.2180	-0.0795
0.2190	-0.0790
0.2200	-0.0784
0.2210	-0.0778
0.2220	-0.0773
0.2230	-0.0767
0.2240	-0.0762
0.2250	-0.0756
0.2260	-0.0751
0.2270	-0.0745
0.2280	-0.0740
0.2290	-0.0734
0.2300	-0.0729
0.2310	-0.0724
0.2320	-0.0718
0.2330	-0.0713
0.2340	-0.0708
0.2350	-0.0702
0.2360	-0.0697
0.2370	-0.0692
0.2380	-0.0686
0.2390	-0.0681
0.2400	-0.0676
0.2410	-0.0671
0.2420	-0.0666
0.2430	-0.0660
0.2440	-0.0655
0.2450	-0.0650
0.2460	-0.0645
0.2470	-0.0640
0.2480	-0.0635
0.2490	-0.0630
0.2500	-0.5000
0.2510	-0.4990
0.2520	-0.4980
0.2530	-0.4970
0.2540	-0.4960
0.2550	-0.4950
0.2560	-0.4940
0.2570	-0.4930
0.2580	-0.4919
0.2590	-0.4909
0.2600	-0.4899
0.2610	-0.4889
0.2620	-0.4879
0.2630	-0.4868
0.2640	-0.4858
0.2650	-0.4848
0.2660	-0.4837
0.2670	-0.4827
0.2680	-0.4817
0.2690	-0.4806
0.2700	-0.4796
0.2710	-0.4785
0.2720	-0.4775
0.2730	-0.4764
0.2740	-0.4754
0.2750	-0.4743
0.2760	-0.4733
0.2770	-0.4722
0.2780	-0.4712
0.2790	-0.4701
0.2800	-0.4690
0.2810	-0.4680
0.2820	-0.4669
0.2830	-0.4658
0.2840	-0.4648
0.2850	-0.4637
0.2860	-0.4626
0.2870	-0.4615
0.2880	-0.4604
0.2890	-0.4593
0.2900	-0.4583
0.2910	-0.4572
0.2920	-0.4561
0.2930	-0.4550
0.2940	-0.4539
0.2950	-0.4528
0.2960	-0.4517
0.2970	-0.4506
0.2980	-0.4494
0.2990	-0.4483
0.3000	-0.4472
0.3010	-0.4461
0.3020	-0.4450
0.3030	-0.4438
0.3040	-0.4427
0.3050	-0.4416
0.3060	-0.4405
0.3070	-0.4393
0.3080	-0.4382
0.3090	-0.4370
0.3100	-0.4359
0.3110	-0.4347
0.3120	-0.4336
0.3130	-0.4324
0.3140	-0.4313
0.3150	-0.4301
0.3160	-0.4290
0.3170	-0.4278
0.3180	-0.4266
0.3190	-0.4254
0.3200	-0.4243
0.3210	-0.4231
0.3220	-0.4219
0.3230	-0.4207
0.3240	-0.0310
0.3250	-0.0306
0.3260	-0.0303
0.3270	-0.0299
0.3280	-0.0296
0.3290	-0.0292
0.3300	-0.0289
0.3310	-0.0286
0.3320	-0.0282
0.3330	-0.0279
0.3340	-0.0276
0.3350	-0.0272
0.3360	-0.0269
0.3370	-0.0266
0.3380	-0.0262
0.3390	-0.0259
0.3400	-0.0256
0.3410	-0.0253
0.3420	-0.0250
0.3430	-0.0246
0.3440	-0.0243
0.3450	-0.0240
0.3460	-0.0237
0.3470	-0.0234
0.3480	-0.0231
0.3490	-0.0228
0.3500	-0.0225
0.3510	-0.0222
0.3520	-0.0219
0.3530	-0.0216
0.3540	-0.0213
0.3550	-0.0210
0.3560	-0.0207
0.3570	-0.0204
0.3580	-0.0202
0.3590	-0.0199
0.3600	-0.0196
0.3610	-0.0193
0.3620	-0.0190
0.3630	-0.0188
0.3640	-0.0185
0.3650	-0.0182
0.3660	-0.0180
0.3670	-0.0177
0.3680	-0.0174
0.3690	-0.0172
0.3700	-0.0169
0.3710	-0.0166
0.3720	-0.0164
0.3730	-0.0161
0.3740	-0.0159
0.3750	-0.3536
0.3760	-0.3521
0.3770	-0.3507
0.3780	-0.3493
0.3790	-0.3479
0.3800	-0.3464
0.3810	-0.3450
0.3820	-0.3435
0.3830	-0.3421
0.3840	-0.3406
0.3850	-0.3391
0.3860	-0.3376
0.3870	-0.3362
0.3880	-0.3347
0.3890	-0.3332
0.3900	-0.3317
0.3910	-0.3302
0.3920	-0.3286
0.3930	-0.3271
0.3940	-0.3256
0.3950	-0.3240
0.3960	-0.3225
0.3970	-0.3209
0.3980	-0.3194
0.3990	-0.3178
0.4000	-0.3162
0.4010	-0.3146
0.4020	-0.3130
0.4030	-0.3114
0.4040	-0.3098
0.4050	-0.3082
0.4060	-0.3066
0.4070	-0.3050
0.4080	-0.3033
0.4090	-0.3017
0.4100	-0.3000
0.4110	-0.2983
0.4120	-0.0077
0.4130	-0.0076
0.4140	-0.0074
0.4150	-0.0072
0.4160	-0.0071
0.4170	-0.0069
0.4180	-0.0067
0.4190	-0.0066
0.4200	-0.0064
0.4210	-0.0062
0.4220	-0.0061
0.4230	-0.0059
0.4240	-0.0058
0.4250	-0.0056
0.4260	-0.0055
0.4270	-0.0053
0.4280	-0.0052
0.4290	-0.0050
0.4300	-0.0049
0.4310	-0.0048
0.4320	-0.0046
0.4330	-0.0045
0.4340	-0.0044
0.4350	-0.0042
0.4360	-0.0041
0.4370	-0.0040
0.4380	-0.2490
0.4390	-0.2470
0.4400	-0.2449
0.4410	-0.2429
0.4420	-0.2408
0.4430	-0.2387
0.4440	-0.2366
0.4450	-0.2345
0.4460	-0.2324
0.4470	-0.2302
0.4480	-0.2280
0.4490	-0.2258
0.4500	-0.2236
0.4510	-0.2214
0.4520	-0.2191
0.4530	-0.2168
0.4540	-0.2145
0.4550	-0.2121
0.4560	-0.0019
0.4570	-0.0018
0.4580	-0.0018
0.4590	-0.0017
0.4600	-0.0016
0.4610	-0.0015
0.4620	-0.0014
0.4630	-0.0014
0.4640	-0.0013
0.4650	-0.0012
0.4660	-0.0012
0.4670	-0.0011
0.4680	-0.0010
0.4690	-0.1761
0.4700	-0.1732
0.4710	-0.1703
0.4720	-0.1673
0.4730	-0.1643
0.4740	-0.1612
0.4750	-0.1581
0.4760	-0.1549
0.4770	-0.1517
0.4780	-0.0005
0.4790	-0.0004
0.4800	-0.0004
0.4810	-0.0004
0.4820	-0.0003
0.4830	-0.0003
0.4840	-0.0003
0.4850	-0.1225
0.4860	-0.1183
0.4870	-0.1140
0.4880	-0.1095
0.4890	-0.0001
0.4900	-0.0001
0.4910	-0.0001
0.4920	-0.0001
0.4930	-0.0837
0.4940	-0.0775
0.4950	-0.0000
0.4960	-0.0000
0.4970	-0.0548
0.4980	-0.0000
0.4990	-0.0000
0.5000	0.0000
0.5010	-0.0000
0.5020	-0.0000
0.5030	-0.0548
0.5040	-0.0000
0.5050	-0.0000
0.5060	-0.0775
0.5070	-0.0837
0.5080	-0.0001
0.5090	-0.0001
0.5100	-0.0001
0.5110	-0.0001
0.5120	-0.1095
0.5130	-0.1140
0.5140	-0.1183
0.5150	-0.1225
0.5160	-0.0003
0.5170	-0.0003
0.5180	-0.0003
0.5190	-0.0004
0.5200	-0.0004
0.5210	-0.0004
0.5220	-0.0005
0.5230	-0.1517
0.5240	-0.1549
0.5250	-0.1581
0.5260	-0.1612
0.5270	-0.1643
0.5280	-0.1673
0.5290	-0.1703
0.5300	-0.1732
0.5310	-0.1761
0.5320	-0.0010
0.5330	-0.0011
0.5340	-0.0012
0.5350	-0.0012
0.5360	-0.0013
0.5370	-0.0014
0.5380	-0.0014
0.5390	-0.0015
0.5400	-0.0016
0.5410	-0.0017
0.5420	-0.0018
0.5430	-0.0018
0.5440	-0.0019
0.5450	-0.2121
0.5460	-0.2145
0.5470	-0.2168
0.5480	-0.2191
0.5490	-0.2214
0.5500	-0.2236
0.5510	-0.2258
0.5520	-0.2280
0.5530	-0.2302
0.5540	-0.2324
0.5550	-0.2345
0.5560	-0.2366
0.5570	-0.2387
0.5580	-0.2408
0.5590	-0.2429
0.5600	-0.2449
0.5610	-0.2470
0.5620	-0.2490
0.5630	-0.0040
0.5640	-0.0041
0.5650	-0.0042
0.5660	-0.0044
0.5670	-0.0045
0.5680	-0.0046
0.5690	-0.0048
0.5700	-0.0049
0.5710	-0.0050
0.5720	-0.0052
0.5730	-0.0053
0.5740	-0.0055
0.5750	-0.0056
0.5760	-0.0058
0.5770	-0.0059
0.5780	-0.0061
0.5790	-0.0062
0.5800	-0.0064
0.5810	-0.0066
0.5820	-0.0067
0.5830	-0.0069
0.5840	-0.0071
0.5850	-0.0072
0.5860	-0.0074
0.5870	-0.0076
0.5880	-0.0077
0.5890	-0.2983
0.5900	-0.3000
0.5910	-0.3017
0.5920	-0.3033
0.5930	-0.3050
0.5940	-0.3066
0.5950	-0.3082
0.5960	-0.3098
0.5970	-0.3114
0.5980	-0.3130
0.5990	-0.3146
0.6000	-0.3162
0.6010	-0.3178
0.6020	-0.3194
0.6030	-0.3209
0.6040	-0.3225
0.6050	-0.3240
0.6060	-0.3256
0.6070	-0.3271
0.6080	-0.3286
0.6090	-0.3302
0.6100	-0.3317
0.6110	-0.3332
0.6120	-0.3347
0.6130	-0.3362
0.6140	-0.3376
0.6150	-0.3391
0.6160	-0.3406
0.6170	-0.3421
0.6180	-0.3435
0.6190	-0.3450
0.6200	-0.3464
0.6210	-0.3479
0.6220	-0.3493
0.6230	-0.3507
0.6240	-0.3521
0.6250	-0.3536
0.6260	-0.0159
0.6270	-0.0161
0.6280	-0.0164
0.6290	-0.0166
0.6300	-0.0169
0.6310	-0.0172
0.6320	-0.0174
0.6330	-0.0177
0.6340	-0.0180
0.6350	-0.0182
0.6360	-0.0185
0.6370	-0.0188
0.6380	-0.0190
0.6390	-0.0193
0.6400	-0.0196
0.6410	-0.0199
0.6420	-0.0202
0.6430	-0.0204
0.6440	-0.0207
0.6450	-0.0210
0.6460	-0.0213
0.6470	-0.0216
0.6480	-0.0219
0.6490	-0.0222
0.6500	-0.0225
0.6510	-0.0228
0.6520	-0.0231
0.6530	-0.0234
0.6540	-0.0237
0.6550	-0.0240
0.6560	-0.0243
0.6570	-0.0246
0.6580	-0.0250
0.6590	-0.0253
0.6600	-0.0256
0.6610	-0.0259
0.6620	-0.0262
0.6630	-0.0266
0.6640	-0.0269
0.6650	-0.0272
0.6660	-0.0276
0.6670	-0.0279
0.6680	-0.0282
0.6690	-0.0286
0.6700	-0.0289
0.6710	-0.0292
0.6720	-0.0296
0.6730	-0.0299
0.6740	-0.0303
0.6750	-0.0306
0.6760	-0.0310
0.6770	-0.4207
0.6780	-0.4219
0.6790	-0.4231
0.6800	-0.4243
0.6810	-0.4254
0.6820	-0.4266
0.6830	-0.4278
0.6840	-0.4290
0.6850	-0.4301
0.6860	-0.4313
0.6870	-0.4324
0.6880	-0.4336
0.6890	-0.4347
0.6900	-0.4359
0.6910	-0.4370
0.6920	-0.4382
0.6930	-0.4393
0.6940	-0.4405
0.6950	-0.4416
0.6960	-0.4427
0.6970	-0.4438
0.6980	-0.4450
0.6990	-0.4461
0.7000	-0.4472
0.7010	-0.4483
0.7020	-0.4494
0.7030	-0.4506
0.7040	-0.4517
0.7050	-0.4528
0.7060	-0.4539
0.7070	-0.4550
0.7080	-0.4561
0.7090	-0.4572
0.7100	-0.4583
0.7110	-0.4593
0.7120	-0.4604
0.7130	-0.4615
0.7140	-0.4626
0.7150	-0.4637
0.7160	-0.4648
0.7170	-0.4658
0.7180	-0.4669
0.7190	-0.4680
0.7200	-0.4690
0.7210	-0.4701
0.7220	-0.4712
0.7230	-0.4722
0.7240	-0.4733
0.7250	-0.4743
0.7260	-0.4754
0.7270	-0.4764
0.7280	-0.4775
0.7290	-0.4785
0.7300	-0.4796
0.7310	-0.4806
0.7320	-0.4817
0.7330	-0.4827
0.7340	-0.4837
0.7350	-0.4848
0.7360	-0.4858
0.7370	-0.4868
0.7380	-0.4879
0.7390	-0.4889
0.7400	-0.4899
0.7410	-0.4909
0.7420	-0.4919
0.7430	-0.4930
0.7440	-0.4940
0.7450	-0.4950
0.7460	-0.4960
0.7470	-0.4970
0.7480	-0.4980
0.7490	-0.4990
0.7500	-0.5000
0.7510	-0.0630
0.7520	-0.0635
0.7530	-0.0640
0.7540	-0.0645
0.7550	-0.0650
0.7560	-0.0655
0.7570	-0.0660
0.7580	-0.0666
0.7590	-0.0671
0.7600	-0.0676
0.7610	-0.0681
0.7620	-0.0686
0.7630	-0.0692
0.7640	-0.0697
0.7650	-0.0702
0.7660	-0.0708
0.7670	-0.0713
0.7680	-0.0718
0.7690	-0.0724
0.7700	-0.0729
0.7710	-0.0734
0.7720	-0.0740
0.7730	-0.0745
0.7740	-0.0751
0.7750	-0.0756
0.7760	-0.0762
0.7770	-0.0767
0.7780	-0.0773
0.7790	-0.0778
0.7800	-0.0784
0.7810	-0.0790
0.7820	-0.0795
0.7830	-0.0801
0.7840	-0.0807
0.7850	-0.0812
0.7860	-0.0818
0.7870	-0.0824
0.7880	-0.0829
0.7890	-0.0835
0.7900	-0.0841
0.7910	-0.0847
0.7920	-0.0853
0.7930	-0.0858
0.7940	-0.0864
0.7950	-0.0870
0.7960	-0.0876
0.7970	-0.0882
0.7980	-0.0888
0.7990	-0.0894
0.8000	-0.0900
0.8010	-0.0906
0.8020	-0.0912
0.8030	-0.0918
0.8040	-0.0924
0.8050	-0.0930
0.8060	-0.0936
0.8070	-0.0942
0.8080	-0.0949
0.8090	-0.0955
0.8100	-0.0961
0.8110	-0.0967
0.8120	-0.0973
0.8130	-0.0980
0.8140	-0.0986
0.8150	-0.0992
0.8160	-0.0999
0.8170	-0.1005
0.8180	-0.1011
0.8190	-0.1018
0.8200	-0.1024
0.8210	-0.1030
0.8220	-0.1037
0.8230	-0.1043
0.8240	-0.1050
0.8250	-0.1056
0.8260	-0.1063
0.8270	-0.1069
0.8280	-0.1076
0.8290	-0.1082
0.8300	-0.1089
0.8310	-0.1096
0.8320	-0.1102
0.8330	-0.1109
0.8340	-0.1116
0.8350	-0.1122
0.8360	-0.1129
0.8370	-0.1136
0.8380	-0.1142
0.8390	-0.1149
0.8400	-0.1156
0.8410	-0.1163
0.8420	-0.1170
0.8430	-0.1176
0.8440	-0.1183
0.8450	-0.1190
0.8460	-0.1197
0.8470	-0.1204
0.8480	-0.1211
0.8490	-0.1218
0.8500	-0.1225
0.8510	-0.1232
0.8520	-0.1239
0.8530	-0.1246
0.8540	-0.5950
0.8550	-0.5958
0.8560	-0.5967
0.8570	-0.5975
0.8580	-0.5983
0.8590	-0.5992
0.8600	-0.6000
0.8610	-0.6008
0.8620	-0.6017
0.8630	-0.6025
0.8640	-0.6033
0.8650	-0.6042
0.8660	-0.6050
0.8670	-0.6058
0.8680	-0.6066
0.8690	-0.6075
0.8700	-0.6083
0.8710	-0.6091
0.8720	-0.6099
0.8730	-0.6107
0.8740	-0.6116
0.8750	-0.6124
0.8760	-0.6132
0.8770	-0.6140
0.8780	-0.6148
0.8790	-0.6156
0.8800	-0.6164
0.8810	-0.6173
0.8820	-0.6181
0.8830	-0.6189
0.8840	-0.6197
0.8850	-0.6205
0.8860	-0.6213
0.8870	-0.6221
0.8880	-0.6229
0.8890	-0.6237
0.8900	-0.6245
0.8910	-0.6253
0.8920	-0.6261
0.8930	-0.6269
0.8940	-0.6277
0.8950	-0.6285
0.8960	-0.6293
0.8970	-0.6301
0.8980	-0.6309
0.8990	-0.6317
0.9000	-0.6325
0.9010	-0.6332
0.9020	-0.6340
0.9030	-0.6348
0.9040	-0.6356
0.9050	-0.6364
0.9060	-0.6372
0.9070	-0.6380
0.9080	-0.6387
0.9090	-0.6395
0.9100	-0.6403
0.9110	-0.6411
0.9120	-0.6419
0.9130	-0.6427
0.9140	-0.6434
0.9150	-0.6442
0.9160	-0.6450
0.9170	-0.6458
0.9180	-0.6465
0.9190	-0.6473
0.9200	-0.6481
0.9210	-0.6488
0.9220	-0.6496
0.9230	-0.6504
0.9240	-0.6512
0.9250	-0.6519
0.9260	-0.6527
0.9270	-0.6535
0.9280	-0.6542
0.9290	-0.6550
0.9300	-0.6557
0.9310	-0.6565
0.9320	-0.6573
0.9330	-0.6580
0.9340	-0.6588
0.9350	-0.6595
0.9360	-0.6603
0.9370	-0.6611
0.9380	-0.6618
0.9390	-0.6626
0.9400	-0.6633
0.9410	-0.6641
0.9420	-0.6648
0.9430	-0.6656
0.9440	-0.6663
0.9450	-0.6671
0.9460	-0.6678
0.9470	-0.6686
0.9480	-0.6693
0.9490	-0.6701
0.9500	-0.6708
0.9510	-0.6716
0.9520	-0.6723
0.9530	-0.6731
0.9540	-0.6738
0.9550	-0.6745
0.9560	-0.6753
0.9570	-0.6760
0.9580	-0.6768
0.9590	-0.6775
0.9600	-0.6782
0.9610	-0.6790
0.9620	-0.6797
0.9630	-0.6804
0.9640	-0.6812
0.9650	-0.6819
0.9660	-0.6826
0.9670	-0.6834
0.9680	-0.6841
0.9690	-0.6848
0.9700	-0.6856
0.9710	-0.6863
0.9720	-0.6870
0.9730	-0.6877
0.9740	-0.6885
0.9750	-0.6892
0.9760	-0.6899
0.9770	-0.6907
0.9780	-0.6914
0.9790	-0.6921
0.9800	-0.6928
0.9810	-0.6935
0.9820	-0.6943
0.9830	-0.6950
0.9840	-0.6957
0.9850	-0.6964
0.9860	-0.6971
0.9870	-0.6979
0.9880	-0.6986
0.9890	-0.6993
0.9900	-0.7000
0.9910	-0.7007
0.9920	-0.7014
0.9930	-0.7021
0.9940	-0.7029
0.9950	-0.7036
0.9960	-0.7043
0.9970	-0.7050
0.9980	-0.7057
0.9990	-0.7064
1.0000	-0.7071
