0.0000	0.5000
0.0010	0.5002
0.0020	0.5007
0.0030	0.5016
0.0040	0.5028
0.0050	0.5044
0.0060	0.5063
0.0070	0.5085
0.0080	0.5111
0.0090	0.5140
0.0100	0.5173
0.0110	0.5209
0.0120	0.5247
0.0130	0.5289
0.0140	0.5334
0.0150	0.5382
0.0160	0.5432
0.0170	0.5486
0.0180	0.5542
0.0190	0.5600
0.0200	0.5661
0.0210	0.5724
0.0220	0.5789
0.0230	0.5857
0.0240	0.5926
0.0250	0.5998
0.0260	0.6071
0.0270	0.6145
0.0280	0.6221
0.0290	0.6298
0.0300	0.6377
0.0310	0.6456
0.0320	0.6537
0.0330	0.6617
0.0340	0.6699
0.0350	0.6781
0.0360	0.6863
0.0370	0.6945
0.0380	0.7028
0.0390	0.7110
0.0400	0.7191
0.0410	0.7272
0.0420	0.7353
0.0430	0.7432
0.0440	0.7511
0.0450	0.7588
0.0460	0.7664
0.0470	0.7739
0.0480	0.7812
0.0490	0.7883
0.0500	0.7952
0.0510	0.8020
0.0520	0.8085
0.0530	0.8148
0.0540	0.8208
0.0550	0.8266
0.0560	0.8321
0.0570	0.8373
0.0580	0.8423
0.0590	0.8469
0.0600	0.8512
0.0610	0.8552
0.0620	0.8588
0.0630	0.8621
0.0640	0.8651
0.0650	0.8677
0.0660	0.8699
0.0670	0.8717
0.0680	0.8731
0.0690	0.8742
0.0700	0.8748
0.0710	0.8751
0.0720	0.8749
0.0730	0.8743
0.0740	0.8733
0.0750	0.8719
0.0760	0.8701
0.0770	0.8678
0.0780	0.8651
0.0790	0.8620
0.0800	0.8585
0.0810	0.8546
0.0820	0.8502
0.0830	0.8454
0.0840	0.8402
0.0850	0.8346
0.0860	0.8286
0.0870	0.8222
0.0880	0.8154
0.0890	0.8082
0.0900	0.8006
0.0910	0.7927
0.0920	0.7844
0.0930	0.7757
0.0940	0.7667
0.0950	0.7574
0.0960	0.7477
0.0970	0.7377
0.0980	0.7274
0.0990	0.7168
0.1000	0.7059
0.1010	0.6948
0.1020	0.6833
0.1030	0.6717
0.1040	0.6598
0.1050	0.6477
0.1060	0.6354
0.1070	0.6229
0.1080	0.6103
0.1090	0.5975
0.1100	0.5845
0.1110	0.5715
0.1120	0.5583
0.1130	0.5450
0.1140	0.5316
0.1150	0.5182
0.1160	0.5048
0.1170	0.4913
0.1180	0.4778
0.1190	0.4643
0.1200	0.4509
0.1210	0.4375
0.1220	0.4241
0.1230	0.4108
0.1240	0.3976
0.1250	0.3845
0.1260	0.3716
0.1270	0.3587
0.1280	0.3460
0.1290	0.3335
0.1300	0.3212
0.1310	0.3091
0.1320	0.2972
0.1330	0.2855
0.1340	0.2741
0.1350	0.2629
0.1360	0.2520
0.1370	0.2413
0.1380	0.2310
0.1390	0.2210
0.1400	0.2112
0.1410	0.2019
0.1420	0.1928
0.1430	0.1841
0.1440	0.1758
0.1450	0.1678
0.1460	0.1602
0.1470	0.1530
0.1480	0.1462
0.1490	0.1398
0.1500	0.1337
0.1510	0.1281
0.1520	0.1229
0.1530	0.1182
0.1540	0.1138
0.1550	0.1099
0.1560	0.1064
0.1570	0.1033
0.1580	0.1006
0.1590	0.0984
0.1600	0.0966
0.1610	0.0952
0.1620	0.0943
0.1630	0.0938
0.1640	0.0937
0.1650	0.0940
0.1660	0.0948
0.1670	0.0959
0.1680	0.0974
0.1690	0.0994
0.1700	0.1017
0.1710	0.1044
0.1720	0.1075
0.1730	0.1110
0.1740	0.1148
0.1750	0.1190
0.1760	0.1235
0.1770	0.1283
0.1780	0.1335
0.1790	0.1389
0.1800	0.1447
0.1810	0.1507
0.1820	0.1570
0.1830	0.1636
0.1840	0.1704
0.1850	0.1774
0.1860	0.1847
0.1870	0.1922
0.1880	0.1998
0.1890	0.2076
0.1900	0.2156
0.1910	0.2237
0.1920	0.2320
0.1930	0.2404
0.1940	0.2488
0.1950	0.2574
0.1960	0.2660
0.1970	0.2747
0.1980	0.2834
0.1990	0.2921
0.2000	0.3008
0.2010	0.3095
0.2020	0.3182
0.2030	0.3269
0.2040	0.3354
0.2050	0.3440
0.2060	0.3524
0.2070	0.3607
0.2080	0.3689
0.2090	0.3770
0.2100	0.3849
0.2110	0.3926
0.2120	0.4002
0.2130	0.4076
0.2140	0.4148
0.2150	0.4218
0.2160	0.4286
0.2170	0.4351
0.2180	0.4414
0.2190	0.4475
0.2200	0.4532
0.2210	0.4587
0.2220	0.4640
0.2230	0.4689
0.2240	0.4735
0.2250	0.4778
0.2260	0.4818
0.2270	0.4855
0.2280	0.4888
0.2290	0.4918
0.2300	0.4945
0.2310	0.4968
0.2320	0.4988
0.2330	0.5004
0.2340	0.5017
0.2350	0.5027
0.2360	0.5033
0.2370	0.5035
0.2380	0.5034
0.2390	0.5029
0.2400	0.5021
0.2410	0.5010
0.2420	0.4995
0.2430	0.4976
0.2440	0.4954
0.2450	0.4929
0.2460	0.4901
0.2470	0.4870
0.2480	0.4835
0.2490	0.4797
0.2500	0.4757
0.2510	0.4713
0.2520	0.4667
0.2530	0.4618
0.2540	0.4566
0.2550	0.4512
0.2560	0.4455
0.2570	0.4396
0.2580	0.4335
0.2590	0.4272
0.2600	0.4207
0.2610	0.4140
0.2620	0.4071
0.2630	0.4001
0.2640	0.3929
0.2650	0.3856
0.2660	0.3782
0.2670	0.3708
0.2680	0.3632
0.2690	0.3555
0.2700	0.3478
0.2710	0.3401
0.2720	0.3323
0.2730	0.3245
0.2740	0.3168
0.2750	0.3090
0.2760	0.3013
0.2770	0.2937
0.2780	0.2861
0.2790	0.2786
0.2800	0.2712
0.2810	0.2640
0.2820	0.2568
0.2830	0.2498
0.2840	0.2430
0.2850	0.2363
0.2860	0.2299
0.2870	0.2236
0.2880	0.2175
0.2890	0.2117
0.2900	0.2062
0.2910	0.2008
0.2920	0.1958
0.2930	0.1910
0.2940	0.1866
0.2950	0.1824
0.2960	0.1785
0.2970	0.1750
0.2980	0.1718
0.2990	0.1690
0.3000	0.1665
0.3010	0.1643
0.3020	0.1626
0.3030	0.1612
0.3040	0.1602
0.3050	0.1596
0.3060	0.1593
0.3070	0.1595
0.3080	0.1601
0.3090	0.1611
0.3100	0.1625
0.3110	0.1643
0.3120	0.1665
0.3130	0.1692
0.3140	0.1722
0.3150	0.1757
0.3160	0.1796
0.3170	0.1839
0.3180	0.1886
0.3190	0.1937
0.3200	0.1992
0.3210	0.2051
0.3220	0.2115
0.3230	0.2182
0.3240	0.2253
0.3250	0.2327
0.3260	0.2406
0.3270	0.2488
0.3280	0.2573
0.3290	0.2662
0.3300	0.2755
0.3310	0.2850
0.3320	0.2949
0.3330	0.3051
0.3340	0.3156
0.3350	0.3264
0.3360	0.3374
0.3370	0.3487
0.3380	0.3602
0.3390	0.3720
0.3400	0.3840
0.3410	0.3962
0.3420	0.4085
0.3430	0.4211
0.3440	0.4338
0.3450	0.4466
0.3460	0.4596
0.3470	0.4727
0.3480	0.4859
0.3490	0.4991
0.3500	0.5124
0.3510	0.5258
0.3520	0.5392
0.3530	0.5526
0.3540	0.5660
0.3550	0.5794
0.3560	0.5927
0.3570	0.6060
0.3580	0.6192
0.3590	0.6324
0.3600	0.6454
0.3610	0.6583
0.3620	0.6711
0.3630	0.6837
0.3640	0.6962
0.3650	0.7084
0.3660	0.7205
0.3670	0.7324
0.3680	0.7440
0.3690	0.7554
0.3700	0.7665
0.3710	0.7774
0.3720	0.7880
0.3730	0.7983
0.3740	0.8083
0.3750	0.8179
0.3760	0.8273
0.3770	0.8363
0.3780	0.8449
0.3790	0.8532
0.3800	0.8612
0.3810	0.8687
0.3820	0.8759
0.3830	0.8826
0.3840	0.8890
0.3850	0.8950
0.3860	0.9005
0.3870	0.9057
0.3880	0.9104
0.3890	0.9147
0.3900	0.9185
0.3910	0.9219
0.3920	0.9249
0.3930	0.9275
0.3940	0.9296
0.3950	0.9313
0.3960	0.9326
0.3970	0.9334
0.3980	0.9338
0.3990	0.9338
0.4000	0.9333
0.4010	0.9324
0.4020	0.9311
0.4030	0.9294
0.4040	0.9273
0.4050	0.9248
0.4060	0.9219
0.4070	0.9186
0.4080	0.9149
0.4090	0.9109
0.4100	0.9065
0.4110	0.9018
0.4120	0.8967
0.4130	0.8913
0.4140	0.8855
0.4150	0.8795
0.4160	0.8732
0.4170	0.8665
0.4180	0.8597
0.4190	0.8525
0.4200	0.8451
0.4210	0.8375
0.4220	0.8297
0.4230	0.8216
0.4240	0.8134
0.4250	0.8050
0.4260	0.7965
0.4270	0.7878
0.4280	0.7790
0.4290	0.7701
0.4300	0.7611
0.4310	0.7520
0.4320	0.7428
0.4330	0.7336
0.4340	0.7244
0.4350	0.7151
0.4360	0.7059
0.4370	0.6966
0.4380	0.6874
0.4390	0.6783
0.4400	0.6692
0.4410	0.6602
0.4420	0.6512
0.4430	0.6424
0.4440	0.6337
0.4450	0.6252
0.4460	0.6167
0.4470	0.6085
0.4480	0.6004
0.4490	0.5926
0.4500	0.5849
0.4510	0.5774
0.4520	0.5702
0.4530	0.5632
0.4540	0.5565
0.4550	0.5500
0.4560	0.5438
0.4570	0.5378
0.4580	0.5322
0.4590	0.5268
0.4600	0.5218
0.4610	0.5170
0.4620	0.5126
0.4630	0.5085
0.4640	0.5048
0.4650	0.5013
0.4660	0.4983
0.4670	0.4955
0.4680	0.4931
0.4690	0.4911
0.4700	0.4894
0.4710	0.4880
0.4720	0.4870
0.4730	0.4864
0.4740	0.4861
0.4750	0.4862
0.4760	0.4866
0.4770	0.4874
0.4780	0.4885
0.4790	0.4899
0.4800	0.4917
0.4810	0.4938
0.4820	0.4963
0.4830	0.4990
0.4840	0.5021
0.4850	0.5055
0.4860	0.5092
0.4870	0.5131
0.4880	0.5174
0.4890	0.5219
0.4900	0.5267
0.4910	0.5317
0.4920	0.5370
0.4930	0.5425
0.4940	0.5482
0.4950	0.5542
0.4960	0.5603
0.4970	0.5666
0.4980	0.5731
0.4990	0.5797
0.5000	0.5865
0.5010	0.5933
0.5020	0.6003
0.5030	0.6074
0.5040	0.6146
0.5050	0.6219
0.5060	0.6292
0.5070	0.6365
0.5080	0.6439
0.5090	0.6513
0.5100	0.6586
0.5110	0.6660
0.5120	0.6733
0.5130	0.6805
0.5140	0.6877
0.5150	0.6948
0.5160	0.7018
0.5170	0.7086
0.5180	0.7154
0.5190	0.7220
0.5200	0.7284
0.5210	0.7347
0.5220	0.7407
0.5230	0.7466
0.5240	0.7522
0.5250	0.7577
0.5260	0.7628
0.5270	0.7678
0.5280	0.7724
0.5290	0.7768
0.5300	0.7809
0.5310	0.7847
0.5320	0.7881
0.5330	0.7913
0.5340	0.7941
0.5350	0.7966
0.5360	0.7987
0.5370	0.8005
0.5380	0.8019
0.5390	0.8029
0.5400	0.8036
0.5410	0.8038
0.5420	0.8037
0.5430	0.8032
0.5440	0.8023
0.5450	0.8010
0.5460	0.7993
0.5470	0.7971
0.5480	0.7946
0.5490	0.7917
0.5500	0.7883
0.5510	0.7846
0.5520	0.7804
0.5530	0.7759
0.5540	0.7709
0.5550	0.7655
0.5560	0.7598
0.5570	0.7536
0.5580	0.7471
0.5590	0.7402
0.5600	0.7329
0.5610	0.7252
0.5620	0.7172
0.5630	0.7088
0.5640	0.7001
0.5650	0.6911
0.5660	0.6817
0.5670	0.6720
0.5680	0.6620
0.5690	0.6517
0.5700	0.6412
0.5710	0.6303
0.5720	0.6192
0.5730	0.6079
0.5740	0.5963
0.5750	0.5845
0.5760	0.5725
0.5770	0.5603
0.5780	0.5480
0.5790	0.5355
0.5800	0.5228
0.5810	0.5100
0.5820	0.4971
0.5830	0.4841
0.5840	0.4710
0.5850	0.4579
0.5860	0.4447
0.5870	0.4315
0.5880	0.4182
0.5890	0.4050
0.5900	0.3917
0.5910	0.3786
0.5920	0.3654
0.5930	0.3524
0.5940	0.3394
0.5950	0.3265
0.5960	0.3137
0.5970	0.3011
0.5980	0.2886
0.5990	0.2763
0.6000	0.2641
0.6010	0.2522
0.6020	0.2404
0.6030	0.2289
0.6040	0.2177
0.6050	0.2066
0.6060	0.1959
0.6070	0.1854
0.6080	0.1752
0.6090	0.1654
0.6100	0.1558
0.6110	0.1466
0.6120	0.1377
0.6130	0.1291
0.6140	0.1210
0.6150	0.1131
0.6160	0.1057
0.6170	0.0987
0.6180	0.0920
0.6190	0.0857
0.6200	0.0799
0.6210	0.0745
0.6220	0.0695
0.6230	0.0649
0.6240	0.0607
0.6250	0.0570
0.6260	0.0537
0.6270	0.0508
0.6280	0.0484
0.6290	0.0464
0.6300	0.0449
0.6310	0.0438
0.6320	0.0431
0.6330	0.0429
0.6340	0.0431
0.6350	0.0438
0.6360	0.0449
0.6370	0.0463
0.6380	0.0483
0.6390	0.0506
0.6400	0.0533
0.6410	0.0565
0.6420	0.0600
0.6430	0.0639
0.6440	0.0682
0.6450	0.0728
0.6460	0.0779
0.6470	0.0832
0.6480	0.0889
0.6490	0.0950
0.6500	0.1013
0.6510	0.1080
0.6520	0.1150
0.6530	0.1222
0.6540	0.1297
0.6550	0.1374
0.6560	0.1454
0.6570	0.1537
0.6580	0.1621
0.6590	0.1707
0.6600	0.1795
0.6610	0.1885
0.6620	0.1976
0.6630	0.2069
0.6640	0.2163
0.6650	0.2258
0.6660	0.2354
0.6670	0.2451
0.6680	0.2548
0.6690	0.2645
0.6700	0.2743
0.6710	0.2841
0.6720	0.2939
0.6730	0.3037
0.6740	0.3134
0.6750	0.3231
0.6760	0.3327
0.6770	0.3423
0.6780	0.3517
0.6790	0.3610
0.6800	0.3702
0.6810	0.3793
0.6820	0.3882
0.6830	0.3969
0.6840	0.4054
0.6850	0.4138
0.6860	0.4219
0.6870	0.4298
0.6880	0.4375
0.6890	0.4450
0.6900	0.4522
0.6910	0.4591
0.6920	0.4657
0.6930	0.4721
0.6940	0.4782
0.6950	0.4840
0.6960	0.4894
0.6970	0.4946
0.6980	0.4994
0.6990	0.5039
0.7000	0.5080
0.7010	0.5119
0.7020	0.5153
0.7030	0.5185
0.7040	0.5213
0.7050	0.5237
0.7060	0.5258
0.7070	0.5275
0.7080	0.5288
0.7090	0.5298
0.7100	0.5305
0.7110	0.5308
0.7120	0.5307
0.7130	0.5303
0.7140	0.5296
0.7150	0.5285
0.7160	0.5270
0.7170	0.5253
0.7180	0.5232
0.7190	0.5207
0.7200	0.5180
0.7210	0.5150
0.7220	0.5116
0.7230	0.5080
0.7240	0.5041
0.7250	0.4999
0.7260	0.4955
0.7270	0.4908
0.7280	0.4858
0.7290	0.4807
0.7300	0.4753
0.7310	0.4697
0.7320	0.4639
0.7330	0.4579
0.7340	0.4518
0.7350	0.4455
0.7360	0.4391
0.7370	0.4325
0.7380	0.4259
0.7390	0.4191
0.7400	0.4123
0.7410	0.4053
0.7420	0.3984
0.7430	0.3914
0.7440	0.3843
0.7450	0.3773
0.7460	0.3703
0.7470	0.3633
0.7480	0.3563
0.7490	0.3494
0.7500	0.3426
0.7510	0.3358
0.7520	0.3291
0.7530	0.3226
0.7540	0.3162
0.7550	0.3099
0.7560	0.3038
0.7570	0.2979
0.7580	0.2921
0.7590	0.2866
0.7600	0.2813
0.7610	0.2762
0.7620	0.2713
0.7630	0.2667
0.7640	0.2623
0.7650	0.2583
0.7660	0.2545
0.7670	0.2510
0.7680	0.2478
0.7690	0.2450
0.7700	0.2425
0.7710	0.2403
0.7720	0.2384
0.7730	0.2369
0.7740	0.2358
0.7750	0.2350
0.7760	0.2347
0.7770	0.2346
0.7780	0.2350
0.7790	0.2358
0.7800	0.2369
0.7810	0.2385
0.7820	0.2404
0.7830	0.2428
0.7840	0.2455
0.7850	0.2486
0.7860	0.2522
0.7870	0.2561
0.7880	0.2605
0.7890	0.2652
0.7900	0.2703
0.7910	0.2758
0.7920	0.2817
0.7930	0.2880
0.7940	0.2947
0.7950	0.3017
0.7960	0.3091
0.7970	0.3169
0.7980	0.3250
0.7990	0.3334
0.8000	0.3422
0.8010	0.3513
0.8020	0.3607
0.8030	0.3704
0.8040	0.3804
0.8050	0.3907
0.8060	0.4013
0.8070	0.4121
0.8080	0.4232
0.8090	0.4345
0.8100	0.4460
0.8110	0.4577
0.8120	0.4696
0.8130	0.4817
0.8140	0.4940
0.8150	0.5064
0.8160	0.5189
0.8170	0.5315
0.8180	0.5443
0.8190	0.5571
0.8200	0.5700
0.8210	0.5830
0.8220	0.5959
0.8230	0.6089
0.8240	0.6219
0.8250	0.6349
0.8260	0.6479
0.8270	0.6608
0.8280	0.6736
0.8290	0.6864
0.8300	0.6991
0.8310	0.7116
0.8320	0.7241
0.8330	0.7363
0.8340	0.7484
0.8350	0.7604
0.8360	0.7721
0.8370	0.7837
0.8380	0.7950
0.8390	0.8061
0.8400	0.8169
0.8410	0.8275
0.8420	0.8378
0.8430	0.8478
0.8440	0.8575
0.8450	0.8669
0.8460	0.8759
0.8470	0.8846
0.8480	0.8930
0.8490	0.9010
0.8500	0.9087
0.8510	0.9159
0.8520	0.9228
0.8530	0.9293
0.8540	0.9354
0.8550	0.9410
0.8560	0.9463
0.8570	0.9511
0.8580	0.9555
0.8590	0.9595
0.8600	0.9631
0.8610	0.9662
0.8620	0.9688
0.8630	0.9711
0.8640	0.9728
0.8650	0.9742
0.8660	0.9751
0.8670	0.9755
0.8680	0.9755
0.8690	0.9751
0.8700	0.9743
0.8710	0.9730
0.8720	0.9712
0.8730	0.9691
0.8740	0.9665
0.8750	0.9635
0.8760	0.9601
0.8770	0.9563
0.8780	0.9521
0.8790	0.9476
0.8800	0.9426
0.8810	0.9373
0.8820	0.9316
0.8830	0.9256
0.8840	0.9192
0.8850	0.9125
0.8860	0.9055
0.8870	0.8982
0.8880	0.8906
0.8890	0.8827
0.8900	0.8746
0.8910	0.8662
0.8920	0.8576
0.8930	0.8487
0.8940	0.8397
0.8950	0.8304
0.8960	0.8210
0.8970	0.8114
0.8980	0.8017
0.8990	0.7918
0.9000	0.7818
0.9010	0.7718
0.9020	0.7616
0.9030	0.7514
0.9040	0.7411
0.9050	0.7308
0.9060	0.7204
0.9070	0.7101
0.9080	0.6997
0.9090	0.6894
0.9100	0.6792
0.9110	0.6689
0.9120	0.6588
0.9130	0.6488
0.9140	0.6388
0.9150	0.6290
0.9160	0.6193
0.9170	0.6098
0.9180	0.6004
0.9190	0.5912
0.9200	0.5822
0.9210	0.5734
0.9220	0.5648
0.9230	0.5565
0.9240	0.5483
0.9250	0.5405
0.9260	0.5329
0.9270	0.5255
0.9280	0.5185
0.9290	0.5117
0.9300	0.5052
0.9310	0.4990
0.9320	0.4932
0.9330	0.4877
0.9340	0.4825
0.9350	0.4776
0.9360	0.4731
0.9370	0.4689
0.9380	0.4651
0.9390	0.4616
0.9400	0.4585
0.9410	0.4557
0.9420	0.4533
0.9430	0.4512
0.9440	0.4495
0.9450	0.4482
0.9460	0.4472
0.9470	0.4466
0.9480	0.4464
0.9490	0.4465
0.9500	0.4469
0.9510	0.4477
0.9520	0.4488
0.9530	0.4503
0.9540	0.4521
0.9550	0.4542
0.9560	0.4567
0.9570	0.4594
0.9580	0.4625
0.9590	0.4658
0.9600	0.4694
0.9610	0.4733
0.9620	0.4775
0.9630	0.4819
0.9640	0.4866
0.9650	0.4915
0.9660	0.4966
0.9670	0.5019
0.9680	0.5074
0.9690	0.5131
0.9700	0.5190
0.9710	0.5250
0.9720	0.5312
0.9730	0.5375
0.9740	0.5439
0.9750	0.5504
0.9760	0.5570
0.9770	0.5636
0.9780	0.5703
0.9790	0.5771
0.9800	0.5838
0.9810	0.5906
0.9820	0.5974
0.9830	0.6041
0.9840	0.6108
0.9850	0.6175
0.9860	0.6241
0.9870	0.6306
0.9880	0.6370
0.9890	0.6433
0.9900	0.6494
0.9910	0.6555
0.9920	0.6613
0.9930	0.6670
0.9940	0.6725
0.9950	0.6778
0.9960	0.6829
0.9970	0.6878
0.9980	0.6924
0.9990	0.6968
1.0000	0.7009
